IN HORATIUM.

05555355,051.111, 45, 5, -45055
1, 55, *1, -- clarum, S. 1,5, 54, -
05541,051.11, 44, 183- 4155144555,
5.]1, 5, 55, -- diversum, Epi. 11,
4,455, -5415554555,1,5,5·4, -
55514544,8.115 5, *5154445115
5,·5 ,-,·4455,8’.,-14,54,·-551
154,Η, 5 ,55,-554445, 1 ,5,5, -
5445 5, 45 hominum ,.Ε51 11,5,

·4,-14555515554,Ε5. 5 ,5,-155455,
051, 44,45,-·1,554554, Α..Ρ
555,-1551551455,051.111, 45, 45,
-inquinavere, 111, 5, 45 , -555155-
tum, 1, 5, 55, - nepotum, 111, 45,
5, 4,--4455 541 unum, S. 11, 5, 554,
-545445455,04.411, 5, 55, 54, -
piscium, 1, 5,9,-15511515115,Ε51.11,
5, ¹023- 44,1555,04.11, 4, 55,-
suspectum, S. 1, 4, 55, .. Tantali,
od. 11, 45, 54, 55, —- 1151551, S. 1,
5, 45,-5444445, 11, 5, 55, 55. ·-
generi, Ε51.1, 55, 55.-3545545, S.
1,1,15.

Germ, S. 1, 5, 555, 551. 1, 5, 55.

nemmem, od. IV, 4, 45.

Germ 5554 mule, S. 11, 5, 54, -rem
hene, Epl. 1, 5, 4, -454, 55, 55.

55555(54555545.),54.414,4,55.

0555514. 455.

05515,04.111,55, 5, 5,5.

0445455415, Ep. 45, ’1, od. IV, 5, 55.

Gemina, Ep. 45, 45.

55515551. 11, 5, 55.

Geryonem, od. 11, 44, 5.

omem, s.11, 5, 55.

(15455515051, 5, 4.

05451,5.11,5,45. ,

05454,8.11,5,55.-545445,5.Ρ.55.
-gestas, Epl. 41, 1, 554 ,1,5, ’4.

Ι 5545554,04.1,55, 54.
5554545555 1554155,8.11,5,554.

Gestat, Od.1‚ 5, 45, 8.1, 5, 55.

' 05411555, 041.111,5, 54.

054554, 8.1, 4, 55.

054415,04.111,55, 54. .

554444,Ε51.1,55,5,04111,45,45.

054514455454554,551.1,4,55,-41·

333

4151445511, 5, 455, -55115455, Δ.
5555101111,55,45,111,54,55.
41455154, 04.1,55, 55. - 54444145,

444, 55, 4.-655445, 551. 44,5,454.

—- 0554155,051.11,55,45“
Giganteo, 04. 444, 5, 5, 5.

Gigas, 0444 ,45,54. -gukanm
(1415113ξο4. 41, 5, 5.
0455155,04.111, 45,5.

Gladiatomm, S 11 5, 55.

Gladio, 8. 11, 5, 555.

51554545, 815, 555. -554545, 11,
(4415151, s. 1, 5,45. ’

645154, 04. 141, 5, 54, 551. 1, 44, 54.

- glebis, Ep. 45, 55.

0154554, 1451. 1, 55, 54.

Gloria 4541514, 8. 1, 5, 55, -541154,41,
5, 475, -5555155, 051.111,5,5,
-541511554, 1, 45, 15, -144114, 1151.
14, 5, 555, -554515, 1, 45, 45.

0155145415115. 41, 55.

Glyceroe 5554555, 04.1,55,4,5, -
amor, 111, 54, 55, -nitor, 1, 555,
-55555114, 55, 5, 5.

Glyconis, Ε51.1, 4, 55.

Gnatia, S. 1, 5, 54.

(1554545. 44, 5, 55.-55544, 1, 5, 45,
41, 5, 555-55545, 5, 445. -
55545, 5, 555. egnum. 5, 555.
- gnatis 5 5555, 55

(15551454,Ε511,4, 54.

054455, 11511, 5, 5ο. -ffnavum, 45,
00. ·

0444111, 04.4,55, ¹.- 04441155,111,
45,45.

ammas, od. 11, 5555.

Gnosii, 04. 1, 15,,44.

Gorgonius, S. 1, 5, 54, 5, 55. Δ

Gracchus, Epl. 11, 5, 55.

05451Ιί, S. 1, 5, 55. -55554145 051. 1, ’

5,4.
0554545,051.1, 5, 45. 55,-545544,
55, 5, S. 1, 5, 55. -
0455441,8.11,4,54.
05555414 captum 11, 4, 455, -555-

 

