444449444444444, 4,, ’

Bellum 4999414949,09.11,4,49,“-944494, 99941449, 111, 49, 49,19, 4, 99, -
’ 111,9,99,-14441149,8.1,9,9,- 19499,ηώ49,(99941.)111,4,99.
advenum, 4, 44, -4944444,4914.49, Bestius, 9,,1, 1, 44, 44.
’ -, pax rursum, 11, 5, 994, -ducis, 91149444, 041. Ι, 97, 45 , Ep. 9, 4.
Α. P. 444 , -ductum‚0d. 411, 4, 91949499. 4, 44, 44.
44,-44494449,9,41.1, 49, 49,-4441- 9199441099, 4, 99.
11449149, 9,.1, Q 94,-149449494, 9194441944,04.1,44,4. .
S. 11, 4, 49,99,-494449, 4, 4, 4, 4, 94994444, 9,)411, 9949999041,
-149ηω444444,041’.1,94,43,-444- 58, 9.
14119411). 447 , -Τ4ο,”94444444, A. P. 9114949, 041. ΙΙΙ, 9, 44.
444. -99141944444,041 11, 4, 9,- 91994444, Epl 1, 49, 44.
94499991. 44,-444944, 99,- Biberes,0d 144 ,44,4.
Ι91941494, 49 99 4494449 lV 4, 91149419,8.11,9,’49,
49, -441414,49,44,“49,-44444, niba, 044,1,,94 44· ,,9.,444 49,4,
9.1,4,444,-,444494,4;44,- 9444944,9.,ΙΙ 9,44
’1441191941 Ι, 9, 4, - 94444494, 911414, 04419, 44, 4.
ibid. 9. -domique, 99, 99,-999· 1111419494, 11,411 Ι, 9, 94.
94944,11, 4, 959, - 9141114, 9, 44, Bibissti, 11, 9, 2¹¹.
-19114444119444,04Ι.1,49,49,-19- 9491ῑ,041.11,44,49,111,4, 49, 9,)1.
mx, 49, 9,- 1441444, 41, 49, 4, - 4, 49, 444.
defunctum, 111 ,499, 3-Ju3urthi- 4444444449,4144,04.111,99,4,-44
99,.119 9, 99, 9-919149949, 51,5, 89441, S. 1, 49, 99. (Bibule. Bentl.)
494, -1414991, 11, 9, ¹¹¹ -bella Bibuli ,9.,,11 49, 94 ,-91991949 ,9,41.
- 144,9,041.11,49,4,- 444494,,111 144 94
¹2¹3·- 414444,4,44, 9,4.,14,9, 9494940419 44 44
- aspera, 11,4, 4, -1194449144199, 91994414, C. S 49.
149 44 -Μ4444,449449- 94494444,...ΑΡ444
4194994194, od. 1, 4, 94, 99 -pugna 91419941944,041.111, 99, 44.
9,.044144, 49,,4 -944194,.9,41 1114444414,04.,41 94,9.
44,,,4 449, -4444444, Α...-944 Biliouritjeeur,s.1‚ 99,-449414,
491441, 11,4, 49,4,9,9.11,,4 94. Ep 44 ,44,44,-4,41941194, 9. 11,
1149904. 41,4, 44, 44, 44, 9. 4, 4, 44, 4, ,44,-44494 4944944,11,9,44,-
44,9,99, 41,94, 41194194- 4444949,9,41.1, 49,94,-οι,44114,
0944499), 04411, 49, 44,9.1,9, 41, 9, 444, -purgor, 11. P. 449,-
44. 9449099494. .
Beneventum, 9.1, 4, 44. 9441994,9.11,9, 94.
999199149999494. ι, 91119,4414,,8.1,90,99.
9944134494, S. 1, 9, 4, mama-³¹0- 91949414,041.1,7,9. ’
mgna, od.11, 49, 49,111,99, 99, 9144494141,011.111,4“4,49,
Ep. 49, 4. - benigna, 44, 49. - 94444041, 49, 44.
benigni, 49, 9. -bem'gm 9494444, 94144491, 9,)1,11, ’9, 99.
0441, 44, 44, -numine, lv, ¹,n3 bipedalis, S. 11, 4, 449.

-494444499,1141.1,9,44.-14944ι”ῑ 91,9444114444,041.Ν,4,44. ¹

gnum, Ι, 44, 9ο. -benigne, Ι, 7, 1114944419,111, 99, 99.

49, 99, 49, ’9. -benignis, od.1v, 9949119199999. 994441.) 8. 1, 4, 99.

9,99,-149441544194,1,9,9,Ε,41. Ι, 914, od. 11, 49, 99, 111, 9, 9, 949944,

44,44. ’ Βι1ωηι11994,04.11,49,99.
94999]η4144“44,041.·1, 49, 49. - 9999- 919444, S. 1, τ’, 99.

 

