IN HORATIUM.

{h 1, 11, -qwcypnm 111111,01.

, 11, 0 ·,11.

Regio (1111111111, 11,1,1.1,4, 11.
-1131111111, 4,1.

Regia (11111), od. 1, 11, 1, -1111111-
11111,Ε,1.1,11;-111111,1111. 1,1.
111,11,01.111,1,11,-11101111, 1,
1,-111111111111,ΕρΙ.1,11,11;-
1111101111, 14, 11.

aegina morbus, A. P. 411, -1111111,
01111, 11,11,-11111111,1,10.
-ngae'a (111,), Epl. 1, 11, 1, -
11111,1,44.-κ,ι·111,01.11,11,
1. -1131111, 1, 11.-113111111-
111, 11, 1,1. .

nagnam, od. 111, 1, 11.

111111101111, 1,1.

111,1111,01.111,11,11,- nm Pha-v
11111,11,1,11,11.

1111111111011111, 10, 11.

Regnavit, 01. 111, 1ο, 11.

Regna, 01.11,1,1,1,11,11.

111111111111. 1, 1, 10.

111111011111111, 1ο,1.

111,1111,01.11,1,11,-111,11111,111,
11,11,-ρ1111111111,1.1,1,111,
114, - permisit, 01. Ν, 4,1, 1,
-111111,Ε,11.Ι, 1, 11, -Pompili,
01.1,11,14,-Ρ111111,11,1,-
1101,1.1,1,1.-ηςιω,01.Ν,1,
1, —puluus Tarquinium& Ι, 1, 11.
-· mgna 1111111111, 111111, 1,111,
-1111111, od. IV, 14, 11 3 *111111-
111,11,11,11,-1)1111φ1111,11,
11 , Ep. 17, 1, -11111111, 011. ΙΙΙ, 4,
41, -11111111, Ι, 4, 11.

111,111,1.1,1,111.

Regulam. ΙΙΙ.. 1, 11.-4113111111,
1, 11, 11.

1111,01.11,1,11,Ν,1,14.

111111110111, 1, 41.

111,·1111,1.11,1,11.- njeceae, 01.
ΙΙΙ, 1, 10, -1111111111111111, lv,
1, 11.

11111,01.1,11, 11.

11111101, Epl. Ι, 1, 11.

Relapsa, Ep. 11, 11.

11111111(11111.),01. 1, 11, 1.

111

11111911111111. .

11111111, 01. 111, 11,11.

1111111111. Ι, 1, 1.

11111ςί1, Ep. 1, 11.

1111111111, 01.Ν,1,14,111-
parmula, ΙΙ,“1, 10,-1ἰ111111,5. ΙΙ, 1,
11, —- 1111111111, 1,11.-· n·
11111111, 01. 111, 11, 14. -1111111,
1,11,14.- 1111131111,11,1,11,
*1111111111,Ερ. 11, 11, - omm-
.1111111114,1,1.11,1,11,11,-
plura 11111111, c. s. 41, 44, ,-ρι1-
111,Ερ. 1,10, 11.-1111111101.
1, 11, 1.

11111111, 01. 1, 11, 1.

1111111011, 1, 4.

1111111111, 11.

11118111, 0111, 11, 11, -111111, Ν.
11, 1.

11111111, S. 1, 1, 11.

nelinqunm 11,1.1,1,41,-1111111,
1111, 1, 41,-ιιι111,01. 11,11,1.

1111111111, S. Ι, 1,11.

1111111111111, 11. - utinquam,
s. 1, 11, 11.

Ι1111111111,Δ.1). 111, Epl. 1, 1, 11.

11111111111011.ΙΙΙ,1, 11. ’

Relinque, ΕρΙ. Ι, 1, 11.

11111111,11ρ1.1,11,1, ,1.Ρ.411.

Relinquunt, 01. Π, 1,10. ,

neliqoerit, s.11, :moo-

Reliquit, ΕΡ. 11, 11, -11111, Epl. 11,
1,111,-ω11 1111111111,
11.

1111111111,01.,Ν, 4, 11.

nemete, 01.1,11, 1.

nauem, 80150, “-

flemis Ep. ¹1, 19.

111111,01.1,11,11,1.Ρ.11.- 11-
1111111. 11, 1.

1111111, 11, 11. ·- remiges, Ep. 11,
11.

11111311111111. 1, 1, 11. -· ruminio,
011,14, 4.

1111111111. Ρ. 111.

11111111,1.11,1.11.

Remini, Ephl, 11,10.- naisso,
01.111,11, 11.

 

